1 1.637
1 1.612
1 1.618
1 1.618
1 1.634
1 1.625
1 1.617
1 1.618
1 1.624
1 1.617
2 1.623
2 1.620
2 1.601
2 1.624
2 1.603
2 1.621
2 1.613
2 1.627
2 1.618
2 1.772
3 1.814
3 1.749
3 1.776
3 1.753
3 1.747
3 1.759
3 1.761
3 1.817
3 1.764
3 1.763
4 1.764
4 1.763
4 1.780
4 1.760
4 1.749
4 1.748
4 1.771
4 1.748
4 1.763
4 1.733
5 1.756
5 1.773
5 1.756
5 1.763
5 1.764
5 1.777
5 1.754
5 1.769
5 1.753
5 1.775
6 1.822
6 1.979
6 1.728
6 1.629
6 1.603
6 1.631
6 1.606
6 1.612
6 1.616
6 1.613
7 1.620
7 1.619
7 1.611
7 1.636
7 1.611
7 1.645
7 1.623
7 1.609
7 1.631
7 1.623
8 1.624
8 1.616
8 1.611
8 1.604
8 1.618
8 1.628
8 1.621
8 1.600
8 1.617
8 1.612
9 1.613
9 1.620
9 1.641
9 1.610
9 1.614
9 1.608
9 1.622
9 1.610
9 1.620
9 1.625
10 1.610
10 1.620
10 1.633
10 1.620
10 1.685
10 1.622
10 1.624
10 1.628
10 1.619
10 1.622
