1 0.800
1 0.792
1 0.764
1 0.770
1 0.787
1 0.770
1 0.788
1 0.769
1 0.784
1 0.777
2 0.783
2 0.785
2 0.794
2 0.790
2 0.780
2 0.784
2 0.786
2 0.776
2 0.789
2 0.778
3 0.795
3 0.782
3 0.765
3 0.785
3 0.775
3 0.817
3 0.777
3 0.777
3 0.768
3 0.777
4 0.791
4 0.780
4 0.798
4 0.775
4 0.775
4 0.777
4 0.787
4 0.786
4 0.776
4 0.776
5 0.777
5 0.772
5 0.765
5 0.784
5 0.785
5 0.788
5 0.778
5 0.766
5 0.773
5 0.787
6 0.783
6 0.783
6 0.768
6 0.777
6 0.780
6 0.834
6 0.796
6 0.777
6 0.761
6 0.780
7 0.775
7 0.777
7 0.796
7 0.791
7 0.766
7 0.787
7 0.790
7 0.769
7 0.792
7 0.776
8 0.789
8 0.774
8 0.775
8 0.768
8 0.779
8 0.789
8 0.763
8 0.783
8 0.783
8 0.786
9 0.782
9 0.782
9 0.794
9 0.761
9 0.771
9 0.779
9 0.776
9 0.779
9 0.784
9 0.787
10 0.779
10 0.795
10 0.786
10 0.798
10 0.777
10 0.780
10 0.776
10 0.799
10 0.787
10 0.798
