1 0.820
1 0.836
1 0.817
1 0.867
1 0.841
1 0.825
1 0.825
1 0.819
1 0.810
1 0.818
2 0.808
2 0.806
2 0.809
2 0.819
2 0.822
2 0.801
2 0.810
2 0.813
2 0.803
2 0.814
3 0.816
3 0.865
3 0.819
3 0.813
3 0.825
3 0.807
3 0.806
3 0.806
3 0.832
3 0.811
4 0.801
4 0.860
4 0.808
4 0.830
4 0.814
4 0.809
4 0.830
4 0.817
4 0.810
4 0.805
5 0.808
5 0.825
5 0.813
5 0.800
5 0.809
5 0.814
5 0.801
5 0.825
5 0.813
5 0.809
6 0.799
6 0.815
6 0.815
6 0.821
6 0.815
6 0.804
6 0.823
6 0.806
6 0.820
6 0.812
7 0.797
7 0.825
7 0.805
7 0.802
7 0.813
7 0.819
7 0.809
7 0.820
7 0.814
7 0.797
8 0.824
8 0.806
8 0.809
8 0.792
8 0.806
8 0.811
8 0.963
8 0.864
8 0.826
8 0.807
9 0.820
9 0.825
9 0.800
9 0.801
9 0.825
9 0.824
9 0.812
9 0.817
9 0.810
9 0.801
10 0.800
10 0.805
10 0.822
10 0.809
10 0.813
10 0.820
10 0.806
10 0.803
10 0.813
10 0.811
