1 1.366
1 1.364
1 1.364
1 1.367
1 1.379
1 1.365
1 1.376
1 1.365
1 1.363
2 1.363
2 1.370
2 1.409
2 1.373
2 1.372
2 1.374
2 1.372
2 1.384
2 1.463
2 1.532
3 1.375
3 1.365
3 1.365
3 1.367
3 1.364
3 1.387
3 1.370
3 1.382
3 1.366
3 1.370
4 1.370
4 1.387
4 1.358
4 1.432
4 1.391
4 1.395
4 1.407
4 1.372
4 1.379
4 1.368
5 1.374
5 1.367
5 1.379
5 1.377
5 1.374
5 1.496
5 1.427
5 1.479
5 1.409
5 1.370
6 1.376
6 1.392
6 1.412
6 1.384
6 1.380
6 1.377
6 1.374
6 1.394
6 1.385
6 1.393
7 1.377
7 1.367
7 1.376
7 1.376
7 1.381
7 1.375
7 1.372
7 1.379
7 1.370
7 1.375
8 1.366
8 1.378
8 1.360
8 1.382
8 1.372
8 1.374
8 1.370
8 1.375
8 1.381
8 1.390
9 1.379
9 1.377
9 1.377
9 1.366
9 1.382
9 1.373
9 1.382
9 1.376
9 1.369
9 1.377
10 1.377
10 1.382
10 1.420
10 1.379
10 1.369
10 1.378
10 1.371
10 1.387
10 1.379
10 1.371
