1 1.618
1 1.614
1 1.618
1 1.615
1 1.607
1 1.603
1 1.616
1 1.604
1 1.609
1 1.606
2 1.596
2 1.613
2 1.605
2 1.612
2 1.617
2 1.642
2 1.608
2 1.606
2 1.598
2 1.613
3 1.621
3 1.613
3 1.605
3 1.603
3 1.608
3 1.621
3 1.668
3 1.611
3 1.606
3 1.626
4 1.615
4 1.612
4 1.622
4 1.619
4 1.605
4 1.611
4 1.604
4 1.620
4 1.605
4 1.599
5 1.616
5 1.614
5 1.625
5 1.611
5 1.608
5 1.620
5 1.609
5 1.617
5 1.623
5 1.611
6 1.612
6 1.613
6 1.611
6 1.610
6 1.621
6 1.608
6 1.606
6 1.613
6 1.606
6 1.608
7 1.649
7 1.622
7 1.622
7 1.604
7 1.701
7 1.614
7 1.615
7 1.637
7 1.607
7 1.606
8 1.603
8 1.628
8 1.609
8 1.606
8 1.609
8 1.613
8 1.618
8 1.618
8 1.615
8 1.620
9 1.612
9 1.609
9 1.616
9 1.616
9 1.617
9 1.615
9 1.613
9 1.612
9 1.611
9 1.602
10 1.609
10 1.696
10 1.623
10 1.612
10 1.613
10 1.662
10 1.606
10 1.600
10 1.610
10 1.621
