1 0.664
1 0.676
1 0.662
1 0.675
1 0.732
1 0.660
1 0.683
1 0.675
1 0.667
2 0.687
2 0.676
2 0.673
2 0.676
2 0.668
2 0.661
2 0.671
2 0.670
2 0.680
2 0.677
3 0.692
3 0.678
3 0.667
3 0.655
3 0.690
3 0.676
3 0.675
3 0.673
3 0.674
3 0.679
4 0.673
4 0.666
4 0.679
4 0.667
4 0.694
4 0.675
4 0.683
4 0.683
4 0.675
4 0.672
5 0.682
5 0.671
5 0.685
5 0.673
5 0.666
5 0.669
5 0.667
5 0.683
5 0.679
5 0.669
6 0.684
6 0.682
6 0.679
6 0.682
6 0.667
6 0.670
6 0.671
6 0.661
6 0.673
6 0.678
7 0.675
7 0.679
7 0.671
7 0.667
7 0.679
7 0.679
7 0.680
7 0.672
7 0.673
7 0.795
8 0.681
8 0.693
8 0.712
8 0.671
8 0.689
8 0.667
8 0.676
8 0.677
8 0.672
8 0.682
9 0.726
9 0.664
9 0.677
9 0.693
9 0.681
9 0.687
9 0.741
9 0.684
9 0.678
9 0.665
10 0.675
10 0.669
10 0.683
10 0.672
10 0.671
10 0.668
10 0.677
10 0.670
10 0.669
10 0.677
