1 137.981
1 136.698
1 135.253
1 133.427
1 137.800
1 136.324
1 134.534
1 132.160
1 137.672
1 136.069
1 134.007
1 131.188
1 137.473
1 135.957
1 134.034
1 131.488
1 137.660
1 136.391
1 134.838
1 132.797
1 137.625
1 136.331
1 134.761
1 132.635
1 137.333
1 135.791
1 133.713
1 130.755
1 137.784
1 136.505
1 134.978
1 132.979
1 137.718
1 136.314
1 134.661
1 132.449
1 137.712
1 136.412
1 134.778
1 132.582
2 130.352
2 126.256
2 120.572
2 112.937
2 129.935
2 125.100
2 118.417
2 109.758
2 130.136
2 125.846
2 119.820
2 111.607
2 130.564
2 126.436
2 120.676
2 112.749
2 130.155
2 125.507
2 118.940
2 109.673
2 130.463
2 126.195
2 120.281
2 112.487
2 129.882
2 125.140
2 118.655
2 110.189
2 129.377
2 124.216
2 117.001
2 107.386
2 129.887
2 125.140
2 118.618
2 110.114
2 130.171
2 125.782
2 119.825
2 111.594
3 101.784
3 89.500
3 77.064
3 66.971
3 101.877
3 89.404
3 77.473
3 66.954
3 102.798
3 90.720
3 79.172
3 69.045
3 102.049
3 90.531
3 79.218
3 69.494
3 99.772
3 87.326
3 75.900
3 66.233
3 103.149
3 90.991
3 79.217
3 68.381
3 101.466
3 89.373
3 77.748
3 67.332
3 101.740
3 89.269
3 77.400
3 67.062
3 101.745
3 89.930
3 78.471
3 67.918
3 103.427
3 91.211
3 79.163
3 68.284
4 62.137
4 54.905
4 49.168
4 44.785
4 62.013
4 54.390
4 48.320
4 43.559
4 62.174
4 55.307
4 49.537
4 44.653
4 59.044
4 52.194
4 46.362
4 42.053
4 61.873
4 54.532
4 48.853
4 44.587
4 59.865
4 52.918
4 47.458
4 42.964
4 61.779
4 54.363
4 48.584
4 43.996
4 61.688
4 55.023
4 49.350
4 44.974
4 60.816
4 53.676
4 48.128
4 43.766
4 62.322
4 55.527
4 50.349
4 45.951
5 43.955
5 39.983
5 36.758
5 33.849
5 42.491
5 38.906
5 35.556
5 32.986
5 42.255
5 38.275
5 35.309
5 32.545
5 42.738
5 38.728
5 35.335
5 33.033
5 46.331
5 42.374
5 39.112
5 36.193
5 41.949
5 38.936
5 35.739
5 33.278
5 41.961
5 38.691
5 36.120
5 33.444
5 43.350
5 40.158
5 37.241
5 34.469
5 41.275
5 37.748
5 34.206
5 31.840
5 44.853
5 41.271
5 38.208
5 35.899
1 137.633
1 136.188
1 134.396
1 133.080
1 137.481
1 135.729
1 133.458
1 131.806
1 137.775
1 136.220
1 134.377
1 133.091
1 137.694
1 136.031
1 134.051
1 132.646
1 137.649
1 136.183
1 134.415
1 133.160
1 137.538
1 135.916
1 133.912
1 132.486
1 137.577
1 136.191
1 134.479
1 133.238
1 137.575
1 136.184
1 134.408
1 133.133
1 137.546
1 136.242
1 134.657
1 133.503
1 137.491
1 135.833
1 133.764
1 132.318
