9.396758675575256348e-01
9.401526451110839844e-01
1.116843223571777344e+00
2.055843353271484375e+00
1.509174346923828125e+00
1.487120151519775391e+00
1.218455910682678223e+00
1.369965195655822754e+00
1.390852451324462891e+00
1.402079224586486816e+00
1.431200265884399414e+00
1.510511279106140137e+00
1.632385611534118652e+00
1.975756764411926270e+00
1.399479389190673828e+00
1.291988492012023926e+00
1.294608354568481445e+00
1.320824265480041504e+00
1.303584933280944824e+00
1.330402731895446777e+00
1.663598060607910156e+00
1.391971111297607422e+00
1.452537894248962402e+00
1.465983867645263672e+00
1.496236205101013184e+00
1.522537946701049805e+00
1.907715606689453125e+01
1.741147613525390625e+01
1.899672393798828125e+02
1.899672393798828125e+02
1.899672393798828125e+02
1.899672393798828125e+02
1.899672393798828125e+02
1.899672393798828125e+02
1.899672393798828125e+02
1.899672393798828125e+02
1.899672393798828125e+02
1.899672393798828125e+02
1.899672393798828125e+02
1.899672393798828125e+02
1.899672393798828125e+02
1.899672393798828125e+02
1.899672393798828125e+02
1.899672393798828125e+02
1.899672393798828125e+02
1.899672393798828125e+02
1.899672393798828125e+02
1.899672393798828125e+02
1.899672393798828125e+02
1.899672393798828125e+02
1.899672393798828125e+02
1.899672393798828125e+02
1.899672393798828125e+02
1.899672393798828125e+02
1.899672393798828125e+02
1.899672393798828125e+02
1.899672393798828125e+02
1.899672393798828125e+02
1.899672393798828125e+02
1.899672393798828125e+02
1.899672393798828125e+02
1.899672393798828125e+02
1.899672393798828125e+02
1.899672393798828125e+02
1.899672393798828125e+02
1.899672393798828125e+02
1.899672393798828125e+02
1.899672393798828125e+02
1.899672393798828125e+02
1.899672393798828125e+02
1.899672393798828125e+02
1.899672393798828125e+02
1.899672393798828125e+02
1.899672393798828125e+02
1.899672393798828125e+02
1.899672393798828125e+02
1.899672393798828125e+02
1.899672393798828125e+02
1.899672393798828125e+02
1.899672393798828125e+02
1.899672393798828125e+02
1.899672393798828125e+02
1.899672393798828125e+02
1.899672393798828125e+02
1.899672393798828125e+02
1.899672393798828125e+02
1.899672393798828125e+02
1.899672393798828125e+02
1.899672393798828125e+02
1.899672393798828125e+02
1.899672393798828125e+02
1.899672393798828125e+02
1.899672393798828125e+02
1.899672393798828125e+02
1.899672393798828125e+02
1.899672393798828125e+02
1.899672393798828125e+02
1.899672393798828125e+02
1.899672393798828125e+02
1.899672393798828125e+02
1.899672393798828125e+02
1.899672393798828125e+02
1.899672393798828125e+02
1.899672393798828125e+02
1.899672393798828125e+02
1.899672393798828125e+02
1.899672393798828125e+02
1.899672393798828125e+02
1.899672393798828125e+02
1.899672393798828125e+02
1.899672393798828125e+02
1.899672393798828125e+02
1.899672393798828125e+02
1.899672393798828125e+02
1.899672393798828125e+02
1.899672393798828125e+02
1.899672393798828125e+02
1.899672393798828125e+02
1.899672393798828125e+02
1.899672393798828125e+02
1.899672393798828125e+02
1.899672393798828125e+02
1.899672393798828125e+02
1.899672393798828125e+02
1.899672393798828125e+02
1.899672393798828125e+02
1.899672393798828125e+02
1.899672393798828125e+02
1.899672393798828125e+02
1.899672393798828125e+02
1.899672393798828125e+02
1.899672393798828125e+02
1.899672393798828125e+02
1.899672393798828125e+02
1.899672393798828125e+02
1.899672393798828125e+02
1.899672393798828125e+02
1.899672393798828125e+02
1.899672393798828125e+02
1.899672393798828125e+02
1.899672393798828125e+02
1.899672393798828125e+02
1.899672393798828125e+02
1.899672393798828125e+02
1.899672393798828125e+02
1.899672393798828125e+02
1.899672393798828125e+02
1.899672393798828125e+02
1.899672393798828125e+02
1.899672393798828125e+02
1.899672393798828125e+02
1.899672393798828125e+02
1.899672393798828125e+02
1.899672393798828125e+02
1.899672393798828125e+02
1.899672393798828125e+02
1.899672393798828125e+02
1.899672393798828125e+02
1.899672393798828125e+02
1.899672393798828125e+02
1.899672393798828125e+02
1.899672393798828125e+02
1.899672393798828125e+02
1.899672393798828125e+02
1.899672393798828125e+02
1.899672393798828125e+02
1.899672393798828125e+02
1.899672393798828125e+02
1.899672393798828125e+02
1.899672393798828125e+02
1.899672393798828125e+02
1.899672393798828125e+02
1.899672393798828125e+02
1.899672393798828125e+02
1.899672393798828125e+02
1.899672393798828125e+02
1.899672393798828125e+02
1.899672393798828125e+02
1.899672393798828125e+02
1.899672393798828125e+02
1.899672393798828125e+02
1.899672393798828125e+02
1.899672393798828125e+02
1.899672393798828125e+02
1.899672393798828125e+02
1.899672393798828125e+02
1.899672393798828125e+02
1.899672393798828125e+02
1.899672393798828125e+02
1.899672393798828125e+02
1.899672393798828125e+02
1.899672393798828125e+02
1.899672393798828125e+02
1.899672393798828125e+02
1.899672393798828125e+02
1.899672393798828125e+02
1.899672393798828125e+02
1.899672393798828125e+02
1.899672393798828125e+02
1.899672393798828125e+02
1.899672393798828125e+02
1.899672393798828125e+02
1.899672393798828125e+02
1.899672393798828125e+02
1.899672393798828125e+02
1.899672393798828125e+02
1.899672393798828125e+02
1.899672393798828125e+02
1.899672393798828125e+02
1.899672393798828125e+02
1.899672393798828125e+02
1.899672393798828125e+02
1.899672393798828125e+02
1.899672393798828125e+02
1.899672393798828125e+02
1.899672393798828125e+02
1.899672393798828125e+02
1.899672393798828125e+02
1.899672393798828125e+02
1.899672393798828125e+02
1.899672393798828125e+02
1.899672393798828125e+02
1.899672393798828125e+02
1.899672393798828125e+02
1.899672393798828125e+02
1.899672393798828125e+02
1.899672393798828125e+02
1.899672393798828125e+02
1.899672393798828125e+02
1.899672393798828125e+02
1.899672393798828125e+02
1.899672393798828125e+02
1.899672393798828125e+02
1.899672393798828125e+02
1.899672393798828125e+02
1.899672393798828125e+02
1.899672393798828125e+02
1.899672393798828125e+02
1.899672393798828125e+02
1.899672393798828125e+02
1.899672393798828125e+02
1.899672393798828125e+02
1.899672393798828125e+02
1.899672393798828125e+02
1.899672393798828125e+02
1.899672393798828125e+02
1.899672393798828125e+02
1.899672393798828125e+02
1.899672393798828125e+02
1.899672393798828125e+02
1.899672393798828125e+02
1.899672393798828125e+02
1.899672393798828125e+02
1.899672393798828125e+02
1.899672393798828125e+02
1.899672393798828125e+02
1.899672393798828125e+02
1.899672393798828125e+02
1.899672393798828125e+02
1.899672393798828125e+02
1.899672393798828125e+02
1.899672393798828125e+02
1.899672393798828125e+02
1.899672393798828125e+02
1.899672393798828125e+02
1.899672393798828125e+02
1.899672393798828125e+02
1.899672393798828125e+02
1.899672393798828125e+02
1.899672393798828125e+02
1.899672393798828125e+02
1.899672393798828125e+02
1.899672393798828125e+02
1.899672393798828125e+02
1.899672393798828125e+02
1.899672393798828125e+02
1.899672393798828125e+02
1.899672393798828125e+02
1.899672393798828125e+02
1.899672393798828125e+02
1.899672393798828125e+02
1.899672393798828125e+02
1.899672393798828125e+02
1.899672393798828125e+02
1.899672393798828125e+02
1.899672393798828125e+02
1.899672393798828125e+02
1.899672393798828125e+02
1.899672393798828125e+02
1.899672393798828125e+02
1.899672393798828125e+02
1.899672393798828125e+02
1.899672393798828125e+02
1.899672393798828125e+02
1.899672393798828125e+02
1.899672393798828125e+02
1.899672393798828125e+02
1.899672393798828125e+02
1.899672393798828125e+02
1.899672393798828125e+02
