1 0.068
1 0.066
1 0.064
1 0.063
1 0.063
1 0.063
1 0.061
1 0.061
1 0.066
2 0.065
2 0.062
2 0.062
2 0.061
2 0.063
2 0.062
2 0.063
2 0.061
2 0.062
2 0.062
3 0.062
3 0.063
3 0.063
3 0.063
3 0.061
3 0.061
3 0.060
3 0.063
3 0.061
3 0.060
4 0.063
4 0.062
4 0.062
4 0.061
4 0.063
4 0.062
4 0.061
4 0.061
4 0.063
4 0.061
5 0.062
5 0.061
5 0.062
5 0.062
5 0.062
5 0.062
5 0.061
5 0.063
5 0.062
5 0.061
6 0.066
6 0.064
6 0.061
6 0.062
6 0.062
6 0.063
6 0.063
6 0.061
6 0.062
6 0.061
7 0.063
7 0.063
7 0.062
7 0.063
7 0.062
7 0.062
7 0.063
7 0.062
7 0.062
7 0.062
8 0.061
8 0.060
8 0.060
8 0.062
8 0.062
8 0.063
8 0.063
8 0.062
8 0.062
8 0.063
9 0.063
9 0.062
9 0.062
9 0.061
9 0.062
9 0.060
9 0.063
9 0.061
9 0.061
9 0.062
10 0.062
10 0.062
10 0.062
10 0.063
10 0.071
10 0.071
10 0.076
10 0.077
10 0.061
10 0.061
