1 0.120
1 0.119
1 0.120
1 0.120
1 0.121
1 0.119
1 0.121
1 0.118
1 0.120
1 0.120
2 0.119
2 0.121
2 0.119
2 0.120
2 0.127
2 0.117
2 0.119
2 0.122
2 0.120
2 0.120
3 0.120
3 0.119
3 0.119
3 0.120
3 0.119
3 0.120
3 0.121
3 0.121
3 0.121
3 0.119
4 0.120
4 0.118
4 0.120
4 0.121
4 0.119
4 0.119
4 0.119
4 0.121
4 0.120
4 0.119
5 0.121
5 0.116
5 0.118
5 0.122
5 0.119
5 0.118
5 0.121
5 0.120
5 0.120
5 0.120
6 0.121
6 0.121
6 0.119
6 0.118
6 0.118
6 0.121
6 0.120
6 0.120
6 0.120
6 0.119
7 0.117
7 0.118
7 0.122
7 0.121
7 0.120
7 0.119
7 0.119
7 0.120
7 0.121
7 0.126
8 0.119
8 0.119
8 0.119
8 0.120
8 0.121
8 0.117
8 0.120
8 0.121
8 0.120
8 0.118
9 0.119
9 0.121
9 0.117
9 0.119
9 0.119
9 0.120
9 0.120
9 0.127
9 0.120
9 0.119
10 0.121
10 0.119
10 0.120
10 0.117
10 0.119
10 0.120
10 0.119
10 0.118
10 0.121
10 0.122
