1 0.122
1 0.123
1 0.122
1 0.121
1 0.123
1 0.121
1 0.121
1 0.122
1 0.122
2 0.122
2 0.123
2 0.122
2 0.120
2 0.124
2 0.120
2 0.122
2 0.124
2 0.123
2 0.120
3 0.120
3 0.121
3 0.121
3 0.120
3 0.134
3 0.122
3 0.119
3 0.122
3 0.121
3 0.122
4 0.123
4 0.123
4 0.123
4 0.124
4 0.122
4 0.122
4 0.121
4 0.122
4 0.122
4 0.121
5 0.119
5 0.120
5 0.126
5 0.124
5 0.121
5 0.123
5 0.122
5 0.121
5 0.122
5 0.121
6 0.123
6 0.121
6 0.122
6 0.125
6 0.126
6 0.121
6 0.123
6 0.123
6 0.121
6 0.122
7 0.122
7 0.122
7 0.122
7 0.121
7 0.121
7 0.124
7 0.121
7 0.120
7 0.122
7 0.123
8 0.120
8 0.121
8 0.126
8 0.124
8 0.124
8 0.123
8 0.122
8 0.122
8 0.123
8 0.123
9 0.122
9 0.121
9 0.124
9 0.123
9 0.121
9 0.123
9 0.122
9 0.124
9 0.122
9 0.121
10 0.122
10 0.122
10 0.123
10 0.124
10 0.120
10 0.121
10 0.127
10 0.123
10 0.121
10 0.123
