1 0.047
1 0.050
1 0.047
1 0.047
1 0.045
1 0.047
1 0.048
1 0.046
1 0.047
1 0.045
2 0.047
2 0.048
2 0.044
2 0.049
2 0.047
2 0.048
2 0.048
2 0.048
2 0.049
2 0.047
3 0.048
3 0.047
3 0.045
3 0.046
3 0.045
3 0.046
3 0.047
3 0.048
3 0.047
3 0.047
4 0.048
4 0.047
4 0.046
4 0.049
4 0.047
4 0.046
4 0.047
4 0.047
4 0.047
4 0.047
5 0.046
5 0.046
5 0.052
5 0.053
5 0.049
5 0.046
5 0.046
5 0.049
5 0.047
5 0.046
6 0.047
6 0.048
6 0.046
6 0.049
6 0.047
6 0.045
6 0.046
6 0.047
6 0.048
6 0.047
7 0.047
7 0.046
7 0.048
7 0.047
7 0.049
7 0.045
7 0.046
7 0.049
7 0.041
7 0.048
8 0.048
8 0.045
8 0.048
8 0.047
8 0.046
8 0.048
8 0.047
8 0.047
8 0.049
8 0.049
9 0.047
9 0.048
9 0.049
9 0.048
9 0.048
9 0.050
9 0.049
9 0.047
9 0.048
9 0.045
10 0.046
10 0.048
10 0.048
10 0.047
10 0.048
10 0.046
10 0.050
10 0.047
10 0.047
10 0.047
