1 0.043
1 0.046
1 0.041
1 0.043
1 0.039
1 0.040
1 0.042
1 0.041
1 0.044
1 0.041
2 0.044
2 0.042
2 0.041
2 0.041
2 0.043
2 0.042
2 0.043
2 0.042
2 0.042
2 0.041
3 0.042
3 0.041
3 0.042
3 0.043
3 0.042
3 0.040
3 0.041
3 0.041
3 0.041
3 0.044
4 0.042
4 0.040
4 0.041
4 0.041
4 0.041
4 0.040
4 0.042
4 0.042
4 0.040
4 0.040
5 0.042
5 0.040
5 0.041
5 0.041
5 0.043
5 0.043
5 0.039
5 0.042
5 0.041
5 0.042
6 0.044
6 0.042
6 0.040
6 0.043
6 0.041
6 0.041
6 0.042
6 0.042
6 0.042
6 0.040
7 0.041
7 0.041
7 0.039
7 0.042
7 0.040
7 0.043
7 0.042
7 0.042
7 0.042
7 0.043
8 0.042
8 0.041
8 0.040
8 0.041
8 0.040
8 0.041
8 0.041
8 0.045
8 0.042
8 0.042
9 0.041
9 0.043
9 0.041
9 0.042
9 0.043
9 0.042
9 0.044
9 0.040
9 0.042
9 0.042
10 0.044
10 0.042
10 0.042
10 0.040
10 0.042
10 0.041
10 0.051
10 0.041
10 0.042
10 0.041
