1 0.029
1 0.031
1 0.034
1 0.034
1 0.032
1 0.032
1 0.031
1 0.033
1 0.028
2 0.030
2 0.030
2 0.029
2 0.031
2 0.032
2 0.029
2 0.032
2 0.032
2 0.031
2 0.031
3 0.034
3 0.034
3 0.031
3 0.030
3 0.029
3 0.032
3 0.030
3 0.029
3 0.030
3 0.028
4 0.030
4 0.030
4 0.030
4 0.031
4 0.029
4 0.030
4 0.030
4 0.030
4 0.030
4 0.031
5 0.029
5 0.030
5 0.030
5 0.029
5 0.028
5 0.030
5 0.031
5 0.029
5 0.030
5 0.031
6 0.031
6 0.030
6 0.029
6 0.034
6 0.035
6 0.031
6 0.029
6 0.031
6 0.029
6 0.031
7 0.029
7 0.029
7 0.029
7 0.028
7 0.029
7 0.029
7 0.030
7 0.029
7 0.029
7 0.031
8 0.030
8 0.030
8 0.030
8 0.030
8 0.029
8 0.029
8 0.029
8 0.029
8 0.028
8 0.030
9 0.030
9 0.029
9 0.030
9 0.032
9 0.029
9 0.028
9 0.030
9 0.031
9 0.030
9 0.030
10 0.030
10 0.031
10 0.030
10 0.029
10 0.029
10 0.032
10 0.030
10 0.031
10 0.028
10 0.029
