1 0.179
1 0.174
1 0.169
1 0.174
1 0.167
1 0.168
1 0.166
1 0.170
1 0.167
2 0.171
2 0.168
2 0.169
2 0.170
2 0.168
2 0.168
2 0.169
2 0.170
2 0.171
2 0.168
3 0.172
3 0.167
3 0.168
3 0.169
3 0.168
3 0.170
3 0.170
3 0.168
3 0.170
3 0.173
4 0.170
4 0.168
4 0.168
4 0.170
4 0.170
4 0.170
4 0.176
4 0.169
4 0.169
4 0.169
5 0.168
5 0.170
5 0.171
5 0.172
5 0.169
5 0.171
5 0.166
5 0.177
5 0.169
5 0.166
6 0.167
6 0.171
6 0.168
6 0.169
6 0.169
6 0.168
6 0.170
6 0.168
6 0.168
6 0.168
7 0.170
7 0.171
7 0.169
7 0.169
7 0.169
7 0.171
7 0.170
7 0.170
7 0.169
7 0.164
8 0.171
8 0.170
8 0.170
8 0.170
8 0.168
8 0.169
8 0.168
8 0.167
8 0.168
8 0.167
9 0.170
9 0.168
9 0.171
9 0.168
9 0.168
9 0.169
9 0.167
9 0.167
9 0.166
9 0.172
10 0.169
10 0.168
10 0.168
10 0.169
10 0.168
10 0.170
10 0.170
10 0.168
10 0.169
10 0.169
