1 0.119
1 0.109
1 0.111
1 0.112
1 0.113
1 0.111
1 0.116
1 0.133
1 0.112
1 0.115
2 0.111
2 0.120
2 0.115
2 0.113
2 0.113
2 0.112
2 0.114
2 0.115
2 0.114
2 0.113
3 0.113
3 0.110
3 0.111
3 0.115
3 0.117
3 0.120
3 0.116
3 0.116
3 0.128
3 0.124
4 0.123
4 0.118
4 0.124
4 0.128
4 0.117
4 0.128
4 0.128
4 0.118
4 0.122
4 0.129
5 0.123
5 0.119
5 0.118
5 0.116
5 0.112
5 0.116
5 0.145
5 0.119
5 0.120
5 0.112
6 0.114
6 0.113
6 0.111
6 0.114
6 0.113
6 0.111
6 0.110
6 0.113
6 0.114
6 0.115
7 0.116
7 0.115
7 0.116
7 0.112
7 0.113
7 0.114
7 0.111
7 0.116
7 0.111
7 0.113
8 0.117
8 0.114
8 0.112
8 0.118
8 0.115
8 0.116
8 0.112
8 0.116
8 0.113
8 0.114
9 0.113
9 0.116
9 0.110
9 0.117
9 0.116
9 0.114
9 0.115
9 0.112
9 0.109
9 0.112
10 0.122
10 0.116
10 0.118
10 0.116
10 0.114
10 0.110
10 0.115
10 0.114
10 0.112
10 0.113
