1 0.240
1 0.240
1 0.239
1 0.245
1 0.242
1 0.242
1 0.250
1 0.243
1 0.244
1 0.241
2 0.242
2 0.240
2 0.240
2 0.242
2 0.241
2 0.257
2 0.243
2 0.243
2 0.242
2 0.243
3 0.241
3 0.245
3 0.246
3 0.248
3 0.242
3 0.241
3 0.242
3 0.240
3 0.242
3 0.243
4 0.243
4 0.240
4 0.243
4 0.240
4 0.240
4 0.242
4 0.242
4 0.242
4 0.238
4 0.244
5 0.246
5 0.245
5 0.245
5 0.247
5 0.244
5 0.242
5 0.241
5 0.243
5 0.253
5 0.243
6 0.243
6 0.242
6 0.242
6 0.241
6 0.241
6 0.245
6 0.253
6 0.247
6 0.244
6 0.242
7 0.243
7 0.242
7 0.242
7 0.243
7 0.241
7 0.245
7 0.243
7 0.244
7 0.244
7 0.243
8 0.243
8 0.248
8 0.246
8 0.243
8 0.243
8 0.241
8 0.244
8 0.242
8 0.244
8 0.245
9 0.242
9 0.244
9 0.242
9 0.240
9 0.244
9 0.245
9 0.243
9 0.241
9 0.244
9 0.249
10 0.243
10 0.241
10 0.242
10 0.244
10 0.241
10 0.241
10 0.246
10 0.243
10 0.246
10 0.242
