1 0.276
1 0.243
1 0.241
1 0.243
1 0.247
1 0.242
1 0.239
1 0.244
1 0.243
1 0.246
2 0.247
2 0.244
2 0.245
2 0.244
2 0.242
2 0.241
2 0.241
2 0.245
2 0.245
2 0.243
3 0.241
3 0.244
3 0.244
3 0.239
3 0.241
3 0.241
3 0.240
3 0.238
3 0.242
3 0.242
4 0.245
4 0.243
4 0.242
4 0.243
4 0.243
4 0.242
4 0.243
4 0.246
4 0.240
4 0.244
5 0.238
5 0.241
5 0.241
5 0.255
5 0.241
5 0.240
5 0.239
5 0.244
5 0.241
5 0.242
6 0.242
6 0.251
6 0.241
6 0.244
6 0.242
6 0.243
6 0.241
6 0.246
6 0.242
6 0.246
7 0.242
7 0.242
7 0.242
7 0.245
7 0.241
7 0.242
7 0.242
7 0.244
7 0.240
7 0.243
8 0.243
8 0.241
8 0.244
8 0.243
8 0.241
8 0.242
8 0.249
8 0.243
8 0.241
8 0.241
9 0.238
9 0.241
9 0.244
9 0.242
9 0.249
9 0.248
9 0.243
9 0.241
9 0.241
9 0.238
10 0.243
10 0.240
10 0.246
10 0.239
10 0.243
10 0.242
10 0.244
10 0.245
10 0.242
10 0.242
