1 0.137
1 0.128
1 0.130
1 0.134
1 0.132
1 0.129
1 0.134
1 0.130
1 0.128
1 0.129
2 0.127
2 0.131
2 0.128
2 0.132
2 0.130
2 0.130
2 0.127
2 0.130
2 0.131
2 0.133
3 0.129
3 0.131
3 0.126
3 0.129
3 0.131
3 0.131
3 0.132
3 0.130
3 0.131
3 0.131
4 0.127
4 0.130
4 0.130
4 0.127
4 0.131
4 0.128
4 0.131
4 0.132
4 0.132
4 0.133
5 0.128
5 0.132
5 0.131
5 0.128
5 0.126
5 0.133
5 0.128
5 0.129
5 0.127
5 0.129
6 0.130
6 0.130
6 0.128
6 0.128
6 0.129
6 0.132
6 0.128
6 0.127
6 0.129
6 0.129
7 0.131
7 0.130
7 0.128
7 0.128
7 0.136
7 0.127
7 0.131
7 0.131
7 0.131
7 0.130
8 0.128
8 0.130
8 0.131
8 0.131
8 0.128
8 0.130
8 0.131
8 0.132
8 0.127
8 0.128
9 0.130
9 0.129
9 0.131
9 0.138
9 0.135
9 0.127
9 0.129
9 0.129
9 0.132
9 0.129
10 0.130
10 0.130
10 0.130
10 0.143
10 0.155
10 0.142
10 0.128
10 0.131
10 0.131
10 0.126
