1 0.086
1 0.085
1 0.085
1 0.087
1 0.082
1 0.086
1 0.084
1 0.084
1 0.084
2 0.088
2 0.085
2 0.084
2 0.087
2 0.087
2 0.085
2 0.084
2 0.084
2 0.085
2 0.087
3 0.088
3 0.087
3 0.084
3 0.085
3 0.084
3 0.086
3 0.086
3 0.086
3 0.086
3 0.086
4 0.086
4 0.086
4 0.085
4 0.086
4 0.085
4 0.085
4 0.083
4 0.083
4 0.086
4 0.084
5 0.086
5 0.086
5 0.085
5 0.088
5 0.086
5 0.085
5 0.085
5 0.084
5 0.085
5 0.083
6 0.087
6 0.085
6 0.094
6 0.086
6 0.084
6 0.084
6 0.084
6 0.083
6 0.085
6 0.085
7 0.086
7 0.083
7 0.085
7 0.086
7 0.088
7 0.087
7 0.084
7 0.084
7 0.083
7 0.084
8 0.085
8 0.087
8 0.084
8 0.090
8 0.086
8 0.085
8 0.087
8 0.085
8 0.085
8 0.084
9 0.086
9 0.086
9 0.085
9 0.086
9 0.084
9 0.085
9 0.085
9 0.085
9 0.085
9 0.084
10 0.087
10 0.084
10 0.084
10 0.086
10 0.082
10 0.085
10 0.085
10 0.091
10 0.086
10 0.086
