1 752.000
1 752.000
1 752.000
1 752.000
1 752.000
1 752.000
1 752.000
1 752.000
1 752.000
1 752.000
2 752.000
2 752.000
2 752.000
2 752.000
2 752.000
2 752.000
2 752.000
2 752.000
2 752.000
2 752.000
3 752.000
3 752.000
3 752.000
3 752.000
3 752.000
3 752.000
3 752.000
3 752.000
3 752.000
3 752.000
4 752.000
4 752.000
4 752.000
4 752.000
4 752.000
4 752.000
4 752.000
4 752.000
4 752.000
4 752.000
5 752.000
5 752.000
5 752.000
5 752.000
5 752.000
5 752.000
5 752.000
5 752.000
5 752.000
5 752.000
6 752.000
6 752.000
6 752.000
6 752.000
6 752.000
6 752.000
6 752.000
6 752.000
6 752.000
6 752.000
7 752.000
7 752.000
7 752.000
7 752.000
7 752.000
7 752.000
7 752.000
7 752.000
7 752.000
7 752.000
8 752.000
8 752.000
8 752.000
8 752.000
8 752.000
8 752.000
8 752.000
8 752.000
8 752.000
8 752.000
9 752.000
9 752.000
9 752.000
9 752.000
9 752.000
9 752.000
9 752.000
9 752.000
9 752.000
9 752.000
10 752.000
10 752.000
10 752.000
10 752.000
10 752.000
10 752.000
10 752.000
10 752.000
10 752.000
10 752.000
