1 816.000
1 816.000
1 816.000
1 816.000
1 816.000
1 816.000
1 816.000
1 816.000
1 816.000
1 816.000
2 816.000
2 816.000
2 816.000
2 816.000
2 816.000
2 816.000
2 816.000
2 816.000
2 816.000
2 816.000
3 816.000
3 816.000
3 816.000
3 816.000
3 816.000
3 816.000
3 816.000
3 816.000
3 816.000
3 816.000
4 816.000
4 816.000
4 816.000
4 816.000
4 816.000
4 816.000
4 816.000
4 816.000
4 816.000
4 816.000
5 816.000
5 816.000
5 816.000
5 816.000
5 816.000
5 816.000
5 816.000
5 816.000
5 816.000
5 816.000
6 816.000
6 816.000
6 816.000
6 816.000
6 816.000
6 816.000
6 816.000
6 816.000
6 816.000
6 816.000
7 816.000
7 816.000
7 816.000
7 816.000
7 816.000
7 816.000
7 816.000
7 816.000
7 816.000
7 816.000
8 816.000
8 816.000
8 816.000
8 816.000
8 816.000
8 816.000
8 816.000
8 816.000
8 816.000
8 816.000
9 816.000
9 816.000
9 816.000
9 816.000
9 816.000
9 816.000
9 816.000
9 816.000
9 816.000
9 816.000
10 816.000
10 816.000
10 816.000
10 816.000
10 816.000
10 816.000
10 816.000
10 816.000
10 816.000
10 816.000
